this is my clothing values to help with clothing swapping hope you like it 

instructions - select a default item and copy the hex

2, then paste into cheat engine make sure the value type is set to array of byte 

3, then paste it into the search 

4, select one value then hit ctrl + a then hit the arrow to bring them done

5, now go back here and select a shirt you want to swap it with then select the hex and copy it

6, now in cheat engine select a value again at the bottom hit ctrl+a

7, now double click into the value you selected and then paste the new hex and click enter or ok

8, now you should have the shirt you desire




watch ui
You scan it with string and UTF-16 on
Misc Tab : dacd733ca9a01dd47b9d3b62a67ecfb4
Customize UI; a9798cadf1023ef4ca1693d43cfeb999

HATS TUTORIAL
It should keep them on if you press log out from the accout and then log back it and you should wear it
Just swap any watch ui to the Customize UI and then when you get in to a game change your skin tone and it should make
it so your not invisable 
You scan it with string and UTF-16 on


default v shirt = 38 00 61 00 61 00 37 00 39 00 35 00 36 00 33 00 2D 00 61 00 63 00 65 00 31 00 2D 00 34 00 62 00 61 00 37 00 2D 00 61 00 64 00 30 00 63 00 2D 00 66 00 33 00 32 00 31 00 30 00 61 00 37 00 38 00 31 00 34 00 32 00 66 00


yeti shirt = 37 00 35 00 32 00 34 00 62 00 33 00 66 00 33 00 2D 00 31 00 33 00 30 00 62 00 2D 00 34 00 31 00 62 00 31 00 2D 00 38 00 33 00 66 00 36 00 2D 00 39 00 63 00 32 00 34 00 31 00 62 00 64 00 39 00 32 00 62 00 62 00 34 00


tennis shirt = 37 00 34 00 62 00 39 00 31 00 66 00 32 00 62 00 2D 00 64 00 34 00 64 00 33 00 2D 00 34 00 65 00 34 00 31 00 2D 00 38 00 39 00 34 00 36 00 2D 00 62 00 31 00 32 00 39 00 36 00 61 00 62 00 37 00 61 00 37 00 37 00 33 00


cat noir shirst = 37 00 61 00 35 00 63 00 62 00 35 00 38 00 39 00 2D 00 35 00 65 00 61 00 62 00 2D 00 34 00 64 00 39 00 35 00 2D 00 39 00 30 00 34 00 30 00 2D 00 65 00 39 00 62 00 66 00 64 00 63 00 39 00 35 00 39 00 30 00 66 00 63 00


raw data saija shirt = 32 00 63 00 36 00 37 00 39 00 66 00 38 00 39 00 2D 00 63 00 37 00 36 00 65 00 2D 00 34 00 63 00 66 00 62 00 2D 00 39 00 34 00 65 00 39 00 2D 00 34 00 34 00 38 00 63 00 38 00 66 00 64 00 34 00 34 00 64 00 35 00 35 00


become a femboy royal lady dress = 30 00 61 00 62 00 36 00 63 00 39 00 35 00 63 00 2D 00 65 00 31 00 35 00 37 00 2D 00 34 00 38 00 62 00 64 00 2D 00 61 00 31 00 37 00 32 00 2D 00 32 00 36 00 34 00 32 00 38 00 39 00 36 00 62 00 34 00 66 00 66 00 63 00


jackfrost shirt = 31 00 30 00 35 00 61 00 35 00 31 00 30 00 30 00 2D 00 63 00 62 00 35 00 37 00 2D 00 34 00 31 00 30 00 66 00 2D 00 61 00 32 00 36 00 62 00 2D 00 31 00 65 00 65 00 32 00 31 00 30 00 30 00 32 00 66 00 30 00 36 00


shagg hair = 31 00 61 00 37 00 31 00 30 00 36 00 34 00 62 00 2D 00 37 00 39 00 34 00 66 00 2D 00 34 00 30 00 66 00 61 00 2D 00 39 00 31 00 30 00 39 00 2D 00 38 00 61 00 64 00 33 00 36 00 36 00 30 00 32 00 62 00 36 00 65 00 31 00


bishop hair raw data = 62 00 38 00 36 00 31 00 65 00 35 00 66 00 33 00 2D 00 66 00 63 00 36 00 64 00 2D 00 34 00 33 00 62 00 33 00 2D 00 39 00 38 00 36 00 31 00 2D 00 63 00 31 00 62 00 34 00 35 00 63 00 62 00 34 00 39 00 33 00 61 00 38 00


hockey shirt NEW not old with puffy shoulders = 65 00 62 00 64 00 66 00 39 00 61 00 31 00 62 00 2D 00 34 00 36 00 64 00 32 00 2D 00 34 00 39 00 36 00 30 00 2D 00 38 00 64 00 61 00 35 00 2D 00 30 00 63 00 66 00 61 00 30 00 63 00 30 00 61 00 64 00 65 00 66 00 32 00


cat noir HAIR = 65 00 34 00 34 00 31 00 61 00 32 00 39 00 37 00 2D 00 32 00 32 00 62 00 61 00 2D 00 34 00 61 00 34 00 33 00 2D 00 39 00 32 00 65 00 66 00 2D 00 33 00 35 00 34 00 39 00 63 00 36 00 63 00 63 00 34 00 35 00 63 00 31 00


skeleton hoodie glow in drak green = 64 00 66 00 30 00 65 00 30 00 36 00 63 00 34 00 2D 00 38 00 62 00 61 00 36 00 2D 00 34 00 64 00 37 00 61 00 2D 00 62 00 66 00 62 00 32 00 2D 00 33 00 37 00 35 00 39 00 64 00 38 00 66 00 65 00 38 00 38 00 63 00 37 00


contest sea captain shirt = 64 00 38 00 36 00 65 00 32 00 65 00 36 00 35 00 2D 00 35 00 64 00 38 00 37 00 2D 00 34 00 36 00 36 00 64 00 2D 00 62 00 38 00 38 00 35 00 2D 00 38 00 63 00 35 00 32 00 61 00 63 00 32 00 65 00 65 00 65 00 62 00 30 00


hidden worlds contest fae horns = 64 00 31 00 35 00 31 00 33 00 39 00 64 00 65 00 2D 00 35 00 65 00 35 00 37 00 2D 00 34 00 32 00 33 00 62 00 2D 00 62 00 38 00 64 00 61 00 2D 00 33 00 33 00 35 00 61 00 64 00 37 00 61 00 34 00 64 00 66 00 35 00 61 00


2017 green winter shirt = 33 00 37 00 35 00 37 00 31 00 34 00 39 00 62 00 2D 00 66 00 34 00 37 00 38 00 2D 00 34 00 39 00 37 00 35 00 2D 00 38 00 31 00 65 00 35 00 2D 00 64 00 38 00 30 00 38 00 61 00 31 00 62 00 65 00 64 00 38 00 64 00 35 00


retro gamer shirt = 33 00 35 00 32 00 62 00 34 00 39 00 66 00 63 00 2D 00 39 00 39 00 61 00 32 00 2D 00 34 00 66 00 30 00 35 00 2D 00 61 00 36 00 38 00 38 00 2D 00 38 00 36 00 36 00 61 00 64 00 65 00 31 00 63 00 64 00 33 00 39 00 34 00


monarch butterfly wings = 63 00 35 00 30 00 36 00 66 00 65 00 61 00 65 00 2D 00 62 00 65 00 37 00 33 00 2D 00 34 00 33 00 37 00 62 00 2D 00 62 00 31 00 38 00 61 00 2D 00 31 00 31 00 35 00 32 00 62 00 62 00 39 00 39 00 30 00 36 00 65 00 39 00


crystal butterfly wings UNRELEASED = 65 00 63 00 35 00 66 00 35 00 30 00 38 00 39 00 2D 00 37 00 31 00 35 00 34 00 2D 00 34 00 32 00 35 00 62 00 2D 00 38 00 62 00 65 00 32 00 2D 00 37 00 34 00 33 00 39 00 35 00 34 00 65 00 61 00 32 00 64 00 36 00 39 00


gundam shirt aka the weird colorful robot one = 32 00 33 00 39 00 34 00 34 00 38 00 35 00 36 00 2D 00 62 00 35 00 36 00 37 00 2D 00 34 00 30 00 37 00 35 00 2D 00 38 00 31 00 35 00 66 00 2D 00 32 00 36 00 31 00 63 00 62 00 34 00 36 00 35 00 35 00 63 00 66 00 66 00


contest international theif coat = 35 00 38 00 37 00 33 00 38 00 31 00 34 00 65 00 2D 00 63 00 39 00 61 00 31 00 2D 00 34 00 30 00 34 00 32 00 2D 00 62 00 39 00 36 00 64 00 2D 00 32 00 61 00 61 00 30 00 65 00 30 00 64 00 35 00 32 00 65 00 32 00 61 00


2020 holloween demon shirt = 62 00 38 00 34 00 66 00 35 00 65 00 39 00 65 00 2D 00 31 00 31 00 66 00 63 00 2D 00 34 00 32 00 34 00 64 00 2D 00 61 00 64 00 33 00 39 00 2D 00 38 00 36 00 39 00 30 00 31 00 65 00 64 00 62 00 39 00 65 00 64 00 63 00


2017 poofy dress = 61 00 33 00 30 00 32 00 37 00 34 00 31 00 64 00 2D 00 33 00 31 00 33 00 62 00 2D 00 34 00 36 00 38 00 32 00 2D 00 38 00 32 00 65 00 35 00 2D 00 61 00 63 00 37 00 36 00 37 00 36 00 34 00 65 00 36 00 36 00 32 00 63 00


2018 zombie shirt = 64 00 65 00 31 00 39 00 62 00 32 00 33 00 39 00 2D 00 33 00 65 00 64 00 30 00 2D 00 34 00 66 00 30 00 33 00 2D 00 61 00 63 00 62 00 36 00 2D 00 64 00 61 00 36 00 39 00 62 00 35 00 61 00 61 00 35 00 32 00 65 00 61 00


fnaf hoodie = 34 00 61 00 30 00 65 00 39 00 31 00 61 00 31 00 2D 00 34 00 35 00 36 00 32 00 2D 00 34 00 61 00 38 00 32 00 2D 00 39 00 32 00 62 00 65 00 2D 00 63 00 62 00 37 00 34 00 39 00 31 00 66 00 31 00 35 00 39 00 32 00 62 00


Toy helmet? = 35 00 39 00 62 00 62 00 62 00 39 00 64 00 34 00 2D 00 34 00 66 00 64 00 62 00 2D 00 34 00 34 00 30 00 30 00 2D 00 39 00 30 00 64 00 35 00 2D 00 32 00 34 00 34 00 36 00 34 00 33 00 64 00 63 00 61 00 34 00 63 00 65 00


bishop shirt raw data = 36 00 39 00 33 00 30 00 63 00 65 00 31 00 33 00 2D 00 34 00 62 00 65 00 34 00 2D 00 34 00 61 00 62 00 39 00 2D 00 39 00 38 00 31 00 37 00 2D 00 36 00 36 00 37 00 62 00 64 00 32 00 36 00 31 00 66 00 66 00 63 00 33 00


guitar backbling = 37 00 31 00 61 00 66 00 63 00 32 00 31 00 35 00 2D 00 33 00 64 00 31 00 38 00 2D 00 34 00 66 00 33 00 36 00 2D 00 61 00 31 00 31 00 34 00 2D 00 66 00 31 00 31 00 63 00 34 00 35 00 33 00 65 00 34 00 36 00 64 00 32 00


stranded contest astronaut shirt = 61 00 65 00 37 00 63 00 39 00 64 00 31 00 66 00 2D 00 64 00 33 00 37 00 31 00 2D 00 34 00 64 00 66 00 65 00 2D 00 61 00 36 00 64 00 66 00 2D 00 64 00 37 00 34 00 36 00 36 00 32 00 36 00 30 00 36 00 61 00 61 00 65 00


conductor contest shirt = 35 31 35 34 62 65 30 39 2d 62 62 38 61 2d 34 39 31 37 2d 39 35 61 30 2d 35 31 63 39 31 62 36 61 34 65 30 39 65


retro gamer gloves = 34 00 38 00 38 00 35 00 36 00 38 00 33 00 65 00 2D 00 61 00 38 00 37 00 65 00 2D 00 34 00 64 00 32 00 37 00 2D 00 39 00 39 00 30 00 61 00 2D 00 63 00 31 00 36 00 66 00 31 00 64 00 66 00 37 00 61 00 32 00 38 00 66 00


bishop gloves = 61 00 62 00 63 00 32 00 35 00 30 00 39 00 31 00 2D 00 65 00 64 00 35 00 66 00 2D 00 34 00 63 00 37 00 32 00 2D 00 39 00 33 00 36 00 34 00 2D 00 66 00 66 00 66 00 65 00 65 00 66 00 31 00 62 00 63 00 32 00 33 00 39 00


saija gloves = 35 00 30 00 63 00 39 00 63 00 36 00 66 00 38 00 2D 00 32 00 39 00 36 00 33 00 2D 00 34 00 65 00 66 00 33 00 2D 00 39 00 35 00 64 00 35 00 2D 00 65 00 39 00 39 00 39 00 61 00 38 00 39 00 38 00 32 00 36 00 39 00 66 00


hidden worlds shirt = 66 00 35 00 31 00 61 00 62 00 65 00 61 00 65 00 2D 00 37 00 63 00 35 00 64 00 2D 00 34 00 30 00 36 00 35 00 2D 00 61 00 61 00 32 00 61 00 2D 00 62 00 32 00 65 00 37 00 30 00 32 00 35 00 62 00 33 00 66 00 63 00 64 00 


contest tophat = 37 00 64 00 63 00 36 00 63 00 39 00 31 00 36 00 2D 00 62 00 38 00 38 00 37 00 2D 00 34 00 39 00 32 00 39 00 2D 00 39 00 33 00 62 00 35 00 2D 00 64 00 63 00 65 00 61 00 33 00 30 00 32 00 32 00 65 00 36 00 61 00 39 00


scarecrow 2018 shirt = 31 00 66 00 63 00 61 00 66 00 34 00 66 00 64 00 2D 00 39 00 30 00 31 00 32 00 2D 00 34 00 30 00 37 00 65 00 2D 00 62 00 36 00 39 00 31 00 2D 00 66 00 62 00 63 00 33 00 63 00 63 00 66 00 32 00 32 00 34 00 32 00 31 00


sphaggeti cowbow shirt? = 62 00 30 00 63 00 38 00 64 00 33 00 66 00 65 00 2D 00 64 00 33 00 64 00 65 00 2D 00 34 00 38 00 38 00 33 00 2D 00 62 00 36 00 33 00 66 00 2D 00 38 00 63 00 63 00 38 00 38 00 39 00 30 00 35 00 33 00 37 00 63 00 62 00


gay trucker hat =  66 00 65 00 31 00 35 00 63 00 61 00 35 00 33 00 2D 00 63 00 35 00 62 00 38 00 2D 00 34 00 61 00 63 00 66 00 2D 00 39 00 33 00 30 00 39 00 2D 00 66 00 66 00 33 00 66 00 34 00 65 00 36 00 31 00 30 00 66 00 63 00 39


saija helmet =  32 00 37 00 34 00 63 00 62 00 39 00 62 00 32 00 2D 00 32 00 66 00 35 00 39 00 2D 00 34 00 37 00 65 00 61 00 2D 00 39 00 61 00 38 00 64 00 2D 00 61 00 35 00 62 00 36 00 35 00 36 00 64 00 31 00 34 00 38 00 63 00 36


2018 bee hat = 32 00 37 00 38 00 36 00 66 00 63 00 32 00 32 00 2D 00 33 00 64 00 36 00 63 00 2D 00 34 00 34 00 30 00 64 00 2D 00 61 00 66 00 63 00 63 00 2D 00 31 00 35 00 38 00 39 00 30 00 63 00 30 00 36 00 31 00 35 00 37 00 37 00


2017 winter hat  = 32 00 34 00 63 00 34 00 34 00 30 00 34 00 61 00 2D 00 38 00 33 00 39 00 66 00 2D 00 34 00 36 00 62 00 64 00 2D 00 39 00 38 00 62 00 36 00 2D 00 36 00 38 00 34 00 38 00 64 00 37 00 34 00 37 00 61 00 39 00 38 00 62 00


2017 winter gloves = 33 00 61 00 37 00 39 00 30 00 62 00 65 00 33 00 2D 00 32 00 39 00 33 00 37 00 2D 00 34 00 34 00 64 00 34 00 2D 00 62 00 65 00 30 00 31 00 2D 00 62 00 35 00 64 00 36 00 35 00 33 00 35 00 33 00 62 00 64 00 33 00 64 00


rr default sash = 35 00 63 00 64 00 30 00 38 00 63 00 66 00 62 00 2D 00 63 00 37 00 32 00 39 00 2D 00 34 00 63 00 33 00 30 00 2D 00 39 00 36 00 64 00 39 00 2D 00 36 00 61 00 39 00 39 00 62 00 62 00 39 00 33 00 34 00 64 00 39 00 31 00


2017 winter scarf = 65 00 31 00 35 00 62 00 31 00 33 00 61 00 37 00 2D 00 39 00 65 00 39 00 61 00 2D 00 34 00 62 00 33 00 32 00 2D 00 62 00 61 00 32 00 63 00 2D 00 30 00 63 00 62 00 33 00 31 00 65 00 64 00 35 00 35 00 61 00 38 00 63 00


hockey shirt old = 64 00 36 00 62 00 30 00 61 00 31 00 65 00 37 00 2D 00 65 00 39 00 31 00 38 00 2D 00 34 00 33 00 65 00 35 00 2D 00 38 00 31 00 39 00 31 00 2D 00 33 00 61 00 38 00 64 00 39 00 64 00 30 00 31 00 64 00 66 00 37 00 63 00 


ytei gloves UNRELEASED = 31 00 38 00 34 00 33 00 36 00 38 00 61 00 36 00 2D 00 31 00 37 00 66 00 61 00 2D 00 34 00 63 00 66 00 64 00 2D 00 62 00 62 00 35 00 37 00 2D 00 61 00 32 00 38 00 36 00 32 00 66 00 36 00 65 00 31 00 37 00 62 00 64 00


yeti mask UNRELEASED = 34 00 35 00 39 00 66 00 66 00 30 00 61 00 30 00 2D 00 61 00 64 00 36 00 38 00 2D 00 34 00 33 00 33 00 37 00 2D 00 39 00 33 00 39 00 39 00 2D 00 35 00 37 00 65 00 33 00 62 00 30 00 33 00 65 00 34 00 62 00 66 00 36 00


mothman helmet UNRELEASED = 36 00 39 00 36 00 66 00 34 00 36 00 61 00 65 00 2D 00 65 00 61 00 66 00 33 00 2D 00 34 00 33 00 62 00 35 00 2D 00 39 00 36 00 33 00 35 00 2D 00 37 00 30 00 61 00 37 00 38 00 39 00 37 00 32 00 38 00 32 00 36 00 65 00


mothman gloves UNRELEASED = 61 00 32 00 38 00 64 00 33 00 38 00 31 00 39 00 2D 00 65 00 35 00 65 00 30 00 2D 00 34 00 35 00 37 00 66 00 2D 00 38 00 33 00 36 00 33 00 2D 00 30 00 39 00 61 00 61 00 65 00 64 00 36 00 61 00 31 00 33 00 38 00 32 00


mothman shirt UNRELEASED = 31 00 39 00 64 00 38 00 33 00 63 00 64 00 61 00 2D 00 36 00 39 00 32 00 66 00 2D 00 34 00 65 00 63 00 31 00 2D 00 38 00 64 00 61 00 30 00 2D 00 31 00 35 00 32 00 31 00 31 00 66 00 33 00 61 00 30 00 63 00 33 00 34 00


international thrif contest hat = 64 00 31 00 32 00 65 00 35 00 37 00 33 00 38 00 2D 00 30 00 30 00 63 00 37 00 2D 00 34 00 37 00 65 00 37 00 2D 00 39 00 33 00 33 00 34 00 2D 00 38 00 33 00 39 00 39 00 65 00 65 00 63 00 35 00 61 00 61 00 38 00 39 00


formal necklace silver + 62 00 39 00 35 00 36 00 37 00 38 00 61 00 61 00 2D 00 33 00 35 00 31 00 61 00 2D 00 34 00 39 00 32 00 39 00 2D 00 38 00 61 00 30 00 65 00 2D 00 30 00 32 00 37 00 34 00 61 00 31 00 38 00 33 00 65 00 62 00 31 00 38 00


Rec Tv headset = 64 00 31 00 63 00 34 00 66 00 31 00 61 00 61 00 2D 00 33 00 61 00 63 00 62 00 2D 00 34 00 32 00 63 00 61 00 2D 00 62 00 66 00 65 00 37 00 2D 00 35 00 65 00 32 00 61 00 31 00 65 00 38 00 36 00 33 00 66 00 39 00 35 00


Galexy hoodie = 35 33 36 32 64 36 38 35 2d 66 63 35 35 2d 34 62 34 33 2d 38 35 61 35 2d 63 63 33 64 36 63 61 64 33 66 36 39 65


Hat that i dont know the name : 32 00 62 00 64 00 35 00 33 00 31 00 39 00 30 00 2D 00 34 00 36 00 66 00 38 00 2D 00 34 00 39 00 35 00 36 00 2D 00 39 00 33 00 38 00 38 00 2D 00 38 00 37 00 63 00 35 00 61 00 30 00 34 00 65 00 66 00 63 00 34 00 66 00


cat hat : 32 00 63 00 37 00 66 00 39 00 30 00 61 00 62 00 2D 00 35 00 33 00 66 00 37 00 2D 00 34 00 35 00 37 00 39 00 2D 00 62 00 66 00 35 00 62 00 2D 00 61 00 31 00 63 00 30 00 61 00 36 00 64 00 34 00 39 00 65 00 33 00 37 00


hair emo : 32 00 63 00 62 00 34 00 66 00 33 00 37 00 32 00 2D 00 33 00 33 00 37 00 32 00 2D 00 34 00 35 00 38 00 33 00 2D 00 38 00 62 00 35 00 37 00 2D 00 63 00 34 00 65 00 33 00 39 00 38 00 38 00 65 00 33 00 63 00 32 00 38 00


wings bee : 33 00 37 00 36 00 36 00 38 00 64 00 33 00 64 00 2D 00 63 00 39 00 66 00 34 00 2D 00 34 00 62 00 64 00 36 00 2D 00 38 00 31 00 64 00 34 00 2D 00 61 00 34 00 66 00 36 00 34 00 62 00 61 00 32 00 64 00 36 00 31 00 62 00


winter 2017 : 33 00 37 00 35 00 37 00 31 00 34 00 39 00 62 00 2D 00 66 00 34 00 37 00 38 00 2D 00 34 00 39 00 37 00 35 00 2D 00 38 00 31 00 65 00 35 00 2D 00 64 00 38 00 30 00 38 00 61 00 31 00 62 00 65 00 64 00 38 00 64 00 35 00


rr plus shit : 33 00 37 00 33 00 39 00 61 00 39 00 65 00 31 00 2D 00 36 00 64 00 66 00 61 00 2D 00 34 00 35 00 64 00 32 00 2D 00 61 00 66 00 35 00 34 00 2D 00 63 00 63 00 38 00 33 00 61 00 35 00 38 00 64 00 34 00 33 00 36 00 61 00


new hair dont know the name : 30 00 31 00 38 00 62 00 33 00 39 00 65 00 64 00 2D 00 63 00 62 00 65 00 66 00 2D 00 34 00 66 00 66 00 66 00 2D 00 38 00 36 00 32 00 66 00 2D 00 66 00 33 00 39 00 33 00 37 00 33 00 62 00 33 00 32 00 65 00 32 00 65 00


blue coat : 33 00 35 00 64 00 36 00 37 00 30 00 34 00 33 00 2D 00 63 00 61 00 32 00 37 00 2D 00 34 00 62 00 38 00 61 00 2D 00 61 00 38 00 39 00 33 00 2D 00 32 00 64 00 34 00 32 00 36 00 37 00 34 00 65 00 36 00 65 00 36 00 38 00


countess gloves? = 74 00 39 00 63 00 6F 00 32 00 35 00 31 00 36 00 6E 00 6B 00 75 00 4A 00 4F 00 34 00 4C 00 49 00 4A 00 41 00 31 00 62 00 4A 00 41 00


countess shirt? = 51 00 43 00 74 00 71 00 78 00 62 00 76 00 59 00 4F 00 6B 00 61 00 6E 00 37 00 39 00 59 00 46 00 75 00 67 00 48 00 5F 00 43 00 77 00


wrist tape gloves = 65 00 63 00 63 00 31 00 64 00 62 00 65 00 36 00 2D 00 63 00 61 00 30 00 36 00 2D 00 34 00 35 00 36 00 34 00 2D 00 62 00 32 00 61 00 36 00 2D 00 33 00 30 00 39 00 35 00 36 00 31 00 39 00 34 00 64 00 31 00 65 00 39 00

Yellow class 2016 = 05 56 48 58 39  584 58 453 66 46 54  76 45 65 5 65 43  678  78 59 95 7557 65 4 67 654 6 78 7 65  78 76 54 567 8 76 55  7876 5 67 8 7 63 78  76 67 8 76 56 78 79 56

helmet hair 2.0 = 63 00 35 00 30 00 31 00 30 00 37 00 33 00 38 00 2D 00 34 00 31 00 66 00 61 00 2D 00 34 00 65 00 63 00 61 00 2D 00 61 00 65 00 61 00 63 00 2D 00 65 00 32 00 34 00 61 00 64 00 61 00 61 00 32 00 39 00 37 00 38 00 39 00

bat costume : 61 00 30 00 61 00 33 00 38 00 36 00 32 00 33 00 2D 00 32 00 30 00 30 00 33 00 2D 00 34 00 36 00 39 00 61 00 2D 00 62 00 30 00 36 00 66 00 2D 00 63 00 65 00 34 00 35 00 31 00 34 00 31 00 33 00 37 00 32 00 37 00 62 00 65 00

Cat Noir Mask: 66 00 65 00 38 00 35 00 37 00 38 00 34 00 64 00 2D 00 30 00 37 00 30 00 64 00 2D 00 34 00 62 00 33 00 33 00 2D 00 38 00 32 00 61 00 32 00 2D 00 65 00 30 00 38 00 37 00 35 00 64 00 61 00 30 00 35 00 33 00 64 00 36 00 

Cat Noir Gloves: 66 00 30 00 61 00 62 00 63 00 62 00 39 00 30 00 2D 00 64 00 38 00 65 00 37 00 2D 00 34 00 31 00 34 00 61 00 2D 00 62 00 38 00 31 00 62 00 2D 00 61 00 32 00 61 00 61 00 66 00 61 00 63 00 64 00 34 00 64 00 61 00 63 00

2017 green winter shirt = 33 00 37 00 35 00 37 00 31 00 34 00 39 00 62 00 2D 00 66 00 34 00 37 00 38 00 2D 00 34 00 39 00 37 00 35 00 2D 00 38 00 31 00 65 00 35 00 2D 00 64 00 38 00 30 00 38 00 61 00 31 00 62 00 65 00 64 00 38 00 64 00 35 00

scarecrow 2018 shirt = 31 00 66 00 63 00 61 00 66 00 34 00 66 00 64 00 2D 00 39 00 30 00 31 00 32 00 2D 00 34 00 30 00 37 00 65 00 2D 00 62 00 36 00 39 00 31 00 2D 00 66 00 62 00 63 00 33 00 63 00 63 00 66 00 32 00 32 00 34 00 32 00 31 00
